 *** 1 digit (complete list) ***

 5   7

 *** 2 digits (complete list) ***

 11   23   47   59   83


 *** 3 digits (complete list) ***

 107   167   179   227   263   347   359   383   467   479   503
 563   587   719   839   863   887   983


 *** 4 digits (complete list) ***

 1019   1187   1283   1307   1319   1367   1439   1487   1523
 1619   1823   1907   2027   2039   2063   2099   2207   2447
 2459   2579   2819   2879   2903   2963   2999   3023   3119
 3167   3203   3467   3623   3779   3803   3863   3947   4007
 4079   4127   4139   4259   4283   4547   4679   4703   4787
 4799   4919   5087   5099   5387   5399   5483   5507   5639
 5807   5879   5927   5939   6047   6599   6659   6719   6779
 6827   6899   6983   7079   7187   7247   7523   7559   7607
 7643   7703   7727   7823   8039   8147   8423   8543   8699
 8747   8783   8819   8963   9467   9587   9743   9839   9887


 *** 5 digits (complete list) ***

 10007   10079   10103   10163   10343   10463   10559   10607
 10667   10799   10883   11003   11279   11423   11483   11699
 11807   12107   12203   12227   12263   12347   12527   12539
 12647   12659   12899   12983   13043   13103   13127   13163
 13523   13799   13967   14087   14159   14207   14243   14303
 14387   14423   14699   14867   15083   15287   15299   15383
 15647   15683   15767   15803   16139   16187   16223   16487
 16547   17027   17327   17387   17483   17903   17939   18059
 18119   18443   18587   18743   18839   18947   18959   19079
 19259   19379   19583   20123   20183   20327   20507   20543
 20627   20663   21059   21179   21227   21383   21419   21467
 21563   21599   21767   22343   22643   22739   22787   22943
 23039   23099   23159   23399   23567   23603   23627   23663
 23819   23879   24023   24083   24203   24239   24407   24527
 24659   25307   25343   25583   25643   25799   25847   25919
 26003   26099   26459   26627   26903   26927   27107   27239
 27299   27527   27767   27803   27827   28019   28163   28307
 28319   28499   28607   28643   28979   29123   29243   29339
 29399   29483   29567   29663   29759   29879   30203   30323
 30347   30467   30539   30803   31139   31259   31547   31583
 31607   31847   32003   32183   32507   32603   32843   32987
 33107   33347   33623   33647   33767   33863   34319   34367
 34583   34667   34703   35159   35339   35363   35879   35963
 36083   36263   36299   36383   36467   36683   36887   36923
 37463   37547   37607   37799   38327   38603   38639   38747
 38783   38867   39107   39119   39323   39419   39503   39779
 39827   39839   39983   40127   40499   40739   40787   40823
 40883   41387   41507   41519   41543   41579   41759   41843
 41879   41927   42023   42179   42299   42359   42443   42683
 42767   42839   43223   43403   43427   43607   43787   44027
 44159   44267   44519   44543   44687   44699   44819   44867
 44939   44963   45083   45503   45707   45887   46199   46559
 46643   46679   46919   47123   47207   47339   47507   47639
 47819   47963   48407   48479   48563   48947   49019   49103
 49223   49367   49499   49943   50147   50459   51047   51203
 51287   51347   51407   51599   51683   51827   51839   52223
 52379   52919   53003   53147   53267   53699   53759   53783
 53987   54287   54563   54959   55079   55103   55163   55487
 55547   55619   55787   55967   56003   56039   56807   56999
 57119   57143   57287   57503   57587   57719   57803   57899
 57923   58043   58067   58403   58679   58727   58907   58967
 59063   59447   59747   60539   60647   60779   60899   61343
 61379   61547   61703   61967   62039   62303   62507   62639
 62939   63299   63443   63587   63599   63719   64007   64019
 64283   64319   64763   65063   65123   65147   65267   65543
 65579   65687   65867   66047   66107   66239   66359   66383
 66923   66959   67043   67139   67247   67427   67499   67547
 67619   67883   68507   68567   68639   68879   69263   69767
 69827   69899   70139   70163   70199   70223   70583   71147
 71663   71867   71987   71999   72167   72383   72503   72707
 72767   72959   73127   73259   73523   73583   73643   73847
 73859   74027   74099   74279   74363   74507   74759   75239
 75707   75743   75983   76079   76367   76379   76403   76463
 76607   76667   76907   76919   77003   77279   77339   77447
 77723   77747   77783   77867   78179   78467   78479   78839
 78887   79043   79103   79139   79319   79559   79907   79943
 79967   79979   80387   80567   80687   81119   81527   81647
 81707   81899   82163   82463   82487   82763   82799   83207
 83219   83243   83339   83459   83939   84047   84143   84179
 84263   84443   84719   84947   85223   85439   85487   85643
 85847   86027   86627   86783   87083   87299   87323   87383
 87443   87587   87887   88223   88259   88379   88499   88547
 89003   89087   89303   89399   89459   89759   89819   90107
 90239   90263   90359   90527   90659   91139   91199   91283
 91943   92363   92399   92459   92699   93047   93179   93239
 93287   93383   93407   93503   94379   94559   94727   95003
 95027   95087   95219   95279   95483   96059   96263   96443
 96479   96827   96959   97127   97187   97463   97523   98207
 98387   98507   98663   98867   98927   98963   98999   99119
 99623   99707   99839


 *** 6 digits (complete list) ***

 100043   100103   100523   100547   100823   100847   101027
 101183   101483   101747   101939   101987   102407   103007
 103043   103079   103319   103787   104207   104243   104327
 104579   104723   104759   105023   105107   105143   105167
 105263   105467   105767   106103   106187   106619   106823
 106907   107099   107183   107279   107699   107903   108023
 108203   108503   108587   108803   108827   108887   109547
 109883   109919   110459   110879   110939   111263   111323
 111347   111443   111467   111599   111659   111779   111863
 112019   112163   112199   112247   112787   112979   113039
 113063   113327   113363   113567   113783   113819   113843
 113903   114083   114299   114407   114659   114827   115547
 115679   115763   116027   116099   116387   116423   116903
 117023   117203   117779   117959   118043   118127   118247
 118739   118787   118799   118907   119027   119243   119447
 119759   119963   120167   120299   120503   120587   120767
 120899   121019   121379   121439   121523   121547   121559
 122663   122819   122939   123407   123503   123923   123983
 124199   124343   124427   124703   124847   124919   125003
 125183   125207   125507   125639   125963   126227   126359
 126839   127343   127487   127607   127679   127727   127859
 128603   128747   128879   128903   129419   129527   129587
 129707   129803   130127   130199   130223   130259   130343
 130367   130619   130787   131267   131303   131687   131927
 132059   132347   132383   132863   133187   133403   133499
 133583   133919   134087   134207   134243   134339   134363
 134699   134867   134999   135119   135467   135887   136223
 136343   136523   136559   136979   137087   137279   137339
 137399   137639   137927   138059   138239   138407   138683
 138863   139079   139187   139619   139883   140123   140159
 140363   140627   140759   141179   141539   141587   141707
 141803   141959   142799   142907   143387   143483   143687
 143699   143999   144203   144323   144539   145007   145823
 146519   146843   147047   147107   147179   147227   147347
 147419   147503   147647   148199   148403   148439   148727
 148763   149399   149459   149519   149543   149867   150083
 150299   150323   150659   150707   150779   150959   151007
 151379   151643   151667   151883   151967   152003   152063
 152183   152519   152567   152843   153359   153563   153743
 153887   154487   154523   154943   155027   155087   155399
 155423   155627   155699   156119   156347   156467   156623
 156683   157019   157247   157307   157427   157559   157679
 158303   158363   158519   158567   158699   158759   158867
 159119   159179   159227   159539   159623   159683   159779
 160079   160619   160739   161303   161339   161363   161639
 162143   162263   162563   163019   163127   163223   163259
 163403   163679   163859   164147   164279   164387   164447
 164987   164999   165059   165203   165443   165527   165587
 165779   166487   166679   166799   166847   166919   167159
 167627   167747   167879   168023   168263   168527   168599
 168803   168863   168887   168899   169007   169019   169067
 169259   169307   169319   169427   169523   170099   170123
 170207   170243   170267   170447   170627   171047   171203
 171383   171467   171659   171707   171863   172223   172343
 172583   172883   173543   173687   174143   174299   174443
 174599   174767   175079   175403   175919   176159   176927
 177323   177623   177839   178103   178247   178307   178799
 179519   179819   180023   180179   180347   180563   181199
 181283   181499   181607   181667   181943   182159   182243
 182279   182387   182747   182867   182927   182999   183059
 183167   183263   183383   183683   184007   184487   184727
 185363   185699   185723   185903   185987   186107   186119
 186227   186479   186647   186743   186959   187127   187163
 187367   187787   187823   187883   188159   188303   188459
 188687   188843   188927   190523   190787   191099   191123
 191447   191579   191627   191747   191783   192539   192587
 192887   192923   193163   193463   193559   193703   193979
 194003   194483   195023   195047   195659   195743   195863
 195887   196247   196643   196739   196907   196919   197123
 197147   197243   197279   197339   197423   197699   197927
 197963   198047   198083   198179   198347   198503   199103
 199247   199379   199523   199679   200087   200723   200807
 200987   201119   201599   201623   201827   202127   202667
 202799   202823   202859   202967   203207   203363   203387
 203579   203843   203999   204047   204143   204299   204587
 204599   204719   204923   205103   205187   205223   205307
 205763   205823   205967   206183   206639   206699   206783
 206819   207227   207239   207287   208067   208367   208463
 208739   208787   208799   209123   209159   209459   209519
 209579   210143   210347   210527   210719   210803   211007
 211067   211403   211727   211859   211943   212039   212207
 212243   212867   212903   213407   214043   214559   214883
 215399   215483   215687   216023   216179   216263   216719
 216803   217643   217727   217739   217859   218003   218279
 218423   218459   218627   218783   218963   219083   219503
 219587   219683   219767   219839   220919   221087   221219
 221303   222059   222107   222527   222647   222863   223019
 223247   223283   223319   223463   223547   223667   223919
 224327   224363   224579   224699   225119   225143   225167
 225287   225383   225839   226103   226307   226379   226427
 226907   227027   227519   227567   228443   228539   228959
 229199   229283   229343   229487   229499   229547   230003
 230123   230303   230327   230663   230939   230999   231107
 231359   231503   231563   231719   232487   232823   232847
 233159   233279   233327   233939   234083   234203   234239
 234383   234539   234659   234743   234863   235007   235559
 235679   235919   235979   236087   236339   236507   236519
 236723   237143   237179   238079   238727   238859   239027
 239543   239567   239699   239783   239843   239963   240587
 240599   240743   241079   241127   241343   241559   241667
 241727   241883   242279   242519   242807   243119   243263
 243527   243707   243863   244043   244199   244403   244463
 244547   244787   244943   245639   245723   245783   246119
 246167   246539   246683   246803   246839   246899   247007
 247439   247463   247607   247847   248243   248267   248867
 248987   249059   249287   249539   249563   249647   250007
 250403   250799   251387   251843   252887   252983   253103
 253307   253367   253427   253439   253679   253703   254207
 254279   254663   254747   254963   254987   255083   255383
 255419   255467   255947   256199   256307   256643   256799
 256967   257099   257339   257627   257639   257879   257903
 257987   258023   258443   258527   258563   258803   258887
 258983   259019   259163   259499   259907   259943   260399
 260483   260879   262127   262643   262883   263183   263423
 263519   263567   263723   263819   263867   264527   264599
 264659   264743   265247   265403   265703   265787   266027
 266759   266999   267143   267167   267299   267419   267899
 267959   268343   268439   268487   268979   269183   269219
 269579   270059   270239   270443   270563   270659   270899
 270923   271067   271163   271463   271703   271787   272267
 272759   272807   272927   273047   273083   273503   273719
 273899   274403   274679   274739   274787   275039   275147
 275399   275447   275543   275699   275987   275999   276083
 276359   276503   276623   276779   277163   277259   277643
 277787   277847   277919   278219   278627   278687   278819
 278879   279023   279143   279179   279407   279443   279479
 279767   280139   280223   280499   280703   281207   281279
 281327   281363   281627   281663   281783   282707   282827
 283079   283463   283607   284387   284423   284447   284783
 284807   285119   285179   285599   286487   286499   287003
 287219   287747   288647   288683   288767   289127   289139
 289319   289343   289439   289463   289559   289967   290183
 290219   290243   291287   291359   291419   291443   291647
 291899   291983   292283   292427   293087   293207   293339
 293603   293639   294023   294059   294167   294179   294803
 295007   295259   295727   296027   296159   296183   296279
 296663   297659   297707   297719   298043   298223   298307
 298427   298667   298799   298847   299063   299087   299723
 299843   300023   300647   301319   301487   301583   301979
 302483   302507   302579   302759   302903   302999   303287
 303539   303683   303767   303803   304127   304163   304223
 304439   304763   304847   304883   305363   305639   305759
 306563   306707   306899   307019   307067   307283   307823
 307859   308003   308423   309539   309599   310019   310439
 310463   311447   311567   311603   312023   312083   312743
 312839   313343   313883   314219   314267   314423   314543
 315047   315467   315599   315779   315803   316259   316403
 316703   316859   317267   317327   317399   317963   317987
 318323   318419   318467   318863   319127   319259   319343
 319547   319679   320039   320063   320339   320627   320687
 321239   322067   322079   322247   322319   322403   322607
 322727   322919   323087   323123   323507   323567   323759
 324119   324239   324419   324503   324587   324839   325187
 325343   325463   325643   325943   326219   326867   326939
 327203   327347   327707   327983   328103   328619   329027
 329243   329663   329999   330167   330347   330587   330623
 330767   330887   330899   331307   331883   331967   332303
 332699   333227   333287   333479   333563   333647   333959
 334043   334199   334319   334427   334619   334787   335459
 335519   335747   336059   336143   336527   336563   336587
 336899   336983   337427   337487   337607   338159   338567
 338687   338747   339107   339323   339467   339539   339827
 339839   339887   340007   340127   340283   340559   340787
 341219   341339   341423   341603   341687   342047   342059
 342107   342359   342467   342527   342599   342659   342803
 342899   343307   343727   344363   344567   344843   345659
 345707   346043   346079   346439   346547   347003   347063
 347099   347987   348287   348443   348527   348563   348779
 348827   349199   349499   349787   349919   350159   350423
 350459   350699   350783   350963   351047   351347   351383
 351563   351707   351959   352043   352403   352523   352607
 352739   353099   353147   353699   353807   353867   354023
 354479   354539   354647   355679   356579   357563   357587
 357779   358103   358223   358427   358487   358703   358859
 358907   359147   359207   359267   360323   360827   360947
 361463   361499   361919   362003   362723   363047   363887
 364223   364523   364943   364979   365039   365159   365423
 365627   366239   366383   366599   366923   367007   367019
 367139   367163   367427   368363   368399   369023   369119
 369143   369263   369407   369647   369659   369827   370103
 370199   370247   370619   370883   371087   371303   371387
 371447   371627   371639   371663   371699   372299   372839
 373343   373379   373487   374447   374819   374939   375119
 375443   375527   375647   375743   376547   376583   377219
 377387   377459   377687   377999   378023   378083   378503
 378779   379187   379199   379307   379343   379703   379859
 379979   380363   380819   381047   381167   381419   381527
 381659   382463   382883   382919   383399   383723   383807
 384107   384227   384299   384383   384479   385079   385223
 385943   386279   386363   386747   386927   386987   387083
 387203   387503   387587   387623   387683   387743   388187
 389219   389447   389723   389783   389867   389927   390107
 390263   390323   390407   390707   390959   391163   391199
 391487   391619   391739   392087   392279   392339   392363
 392543   392663   392759   392879   393083   393287   393479
 393539   394007   394019   394319   394523   394739   395147
 395243   395303   396443   396563   396647   396983   397283
 397379   397799   397907   398207   398219   398303   398423
 398627   398759   400067   400307   400703   401279   402023
 402239   402419   402503   402803   402947   403163   403787
 404099   404123   404819   405227   405323   405599   405683
 405719   405863   405947   406499   406559   406859   407579
 407747   407843   408203   408347   408623   408659   408719
 408743   408923   409043   409499   409967   410063   410087
 410507   410783   411119   411443   411527   412019   412067
 412739   412967   413087   413207   413759   413867   413879
 414083   414383   414539   414683   414803   414959   415187
 415343   415643   416147   416243   417023   417479   417863
 417983   418043   418079   418427   418667   418763   418787
 418883   419087   419579   419603   420263   420383   420419
 420467   420599   420803   421607   421739   421847   422099
 422459   422567   422627   422867   422987   423287   423323
 423779   423887   424079   424163   424199   424247   425003
 425123   425147   425603   425819   425939   426407   426527
 426563   427067   427079   427247   427283   427859   428567
 429083   429119   429347   429467   429827   429887   430499
 430799   431063   431147   431363   431447   431603   432143
 432227   432359   432527   432659   432743   433439   433607
 433703   434243   434459   434927   435287   435563   435647
 436343   436427   436727   437159   437363   437687   438143
 438287   438623   438707   438983   439007   439199   439367
 439463   439763   439823   439883   439919   440039   440303
 440339   440723   440807   440939   441107   441179   441443
 441587   441839   442139   442319   442439   442823   442979
 443243   443999   444047   444539   444623   445427   445463
 445583   445883   446123   447179   447683   448067   448139
 448607   448703   448727   448859   449003   449399   449459
 449543   449663   449783   449987   450239   450287   450299
 450599   450707   450767   451343   451499   451679   451967
 452027   452759   453023   453107   453143   453599   453983
 454379   454799   454907   454919   454943   455003   455123
 455219   455579   456047   456503   456623   456683   456767
 456923   456959   457043   457547   457739   457979   458363
 458399   458567   458747   458807   458819   459167   459479
 459923   460127   460247   460379   460619   460787   460907
 461327   461639   462263   462719   462863   462887   463103
 463643   463679   463787   464819   464879   464999   465419
 465743   466043   466139   466283   467183   467879   468059
 468323   468647   468683   469367   469487   469583   469787
 469919   469979   470087   470399   470579   471503   471803
 471959   472127   472139   472523   472763   472799   472859
 473147   473219   473987   474143   474347   474359   475367
 475379   475403   475583   475823   475859   476039   476219
 476363   477383   477767   477839   477899   478139   478343
 478403   479267   480023   480203   480419   480527   480707
 480959   481199   481787   482099   482123   482507   482519
 482627   482687   483179   483563   483767   483839   483863
 484019   484259   484487   484787   485207   485363   486023
 486203   486323   486407   486527   486923   486947   487079
 487247   487703   487727   487979   488399   488603   488627
 488759   489179   489239   489407   489803   489887   490367
 490559   490643   491003   491039   491279   491423   491483
 491819   492659   493139   493463   493607   493859   494147
 494387   494519   494687   494783   494843   494903   494927
 495563   495707   495827   495983   496127   496283   496487
 496583   496703   497279   497507   497579   497963   498119
 498467   498767   499067   499127   499559   499943   499979
 500519   500603   500723   500807   501287   501419   501503
 501659   501707   501779   502787   503003   503039   503123
 503663   503879   503939   504683   504767   505067   505283
 505523   505559   505763   505823   506459   506687   506699
 506963   507359   507503   507743   507803   507839   508499
 508559   508583   510047   510299   510383   510767   510827
 511487   511703   512999   513083   514187   514247   514343
 514379   514499   514643   515279   515843   516227   516323
 516599   517043   517079   517487   517619   517919   517967
 518327   518543   518759   519287   519383   519647   519683
 520019   520379   520427   520679   520967   521447   521723
 521903   521999   522659   522707   523427   523763   524099
 524219   524243   524387   524507   524939   525167   525299
 525467   526223   526367   526739   526859   527123   527447
 527699   527819   528107   528167   528527   528707   528719
 530183   530303   530339   530807   531023   531143   531239
 532163   532187   532199   532307   532523   532739   532823
 533327   533363   533999   534407   534707   534827   534839
 535103   535499   535607   535727   535859   535919   536087
 536099   536267   536399   536423   536687   537287   538079
 538127   538283   538367   539039   539159   539303   539447
 539783   540119   540383   540539   540599   541439   541523
 541799   542027   542219   542483   542579   542999   543143
 543407   543539   543659   543707   544007   544367   544403
 544667   545387   545543   545759   546263   546467   546719
 546947   547007   547103   547139   547643   547763   548039
 548123   548243   548399   548519   548543   548567   548903
 549167   549323   549503   549623   549707   549863   550007
 550679   551063   551099   551339   551423   551483   551843
 551927   551963   552887   552899   553643   553667   554447
 554663   554747   554843   555287   555383   555767   556103
 556559   556727   557087   557303   557483   557639   557759
 558287   558539   558827   558863   559319   559523   559883
 560123   560207   560243   560447   560459   561083   561347
 561767   562307   562763   563099   563219   563327   563987
 564779   564827   564923   565127   565343   565427   565667
 565919   566387   567107   567143   567263   567527   567719
 567899   568187   568523   568979   569267   569447   569663
 569939   570047   570359   571199   571223   571679   572087
 572207   572399   572843   572939   573107   573179   573527
 573719   574283   574439   574643   574667   575579   575699
 575747   575867   576179   577307   577463   577547   577667
 577979   578063   578363   578483   578687   579023   579119
 579179   579287   579707   579779   579947   580079   580379
 580487   580787   580859   582083   582203   582227   582419
 582587   582719   582887   582983   583007   583019   583127
 583139   583403   584183   584447   584603   585587   586403
 586679   586919   587087   587267   587303   587459   587999
 588359   588503   588683   588767   589607   589643   589847
 590099   590399   590543   590567   590627   590867   591407
 591743   591887   592199   592367   592547   592727   593183
 593387   593507   593603   594047   594227   594467   595247
 595319   595943   596027   596423   597263   597383   597419
 597599   598127   598427   598727   599003   599399   599783
 599939   600239   600827   600983   601187   601247   601439
 601487   602639   603203   603503   603899   604223   604343
 604379   604427   604547   604559   604823   604859   605147
 605603   605687   606059   606587   606743   606863   607163
 607967   608099   608303   608339   608423   608519   609047
 609107   609503   609527   609803   609887   609923   610187
 610439   610703   610739   610823   610847   611207   611279
 611483   611543   611999   612023   612083   612383   612719
 612947   613007   613499   613883   614063   614183   614963
 615047   615743   616103   616307   616439   617039   617147
 617327   617363   617447   617699   617879   618119   618347
 618587   618719   619007   619079   619247   619979   620099
 620183   620363   620567   620759   621143   621443   621779
 622019   622043   622067   622247   622367   622607   623423
 623963   624047   624203   624419   624467   624539   624707
 624803   625103   625883   625943   625979   626063   626663
 626687   627227   627479   627659   628127   628319   628379
 628427   628487   628679   628799   629807   630023   630167
 630899   631139   631187   631487   631559   632147   632267
 632447   632483   632747   632939   632987   633383   633407
 633923   634247   634343   634643   634703   634727   634979
 635387   635423   635483   635567   635939   636359   636407
 636563   636863   636947   637139   637163   637283   637499
 637727   638063   638123   638423   638999   639083   639839
 640019   640127   640163   640307   640583   640943   640967
 641387   641519   642407   642623   642683   642899   643187
 643703   644159   644867   645179   645419   645803   645839
 646403   646883   647099   647303   647399   647579   648107
 648239   648863   649007   649283   649379   649487   649619
 649739   649787   649907   650327   650543   650759   650927
 651143   651347   651503   651767   651803   652283   652319
 652343   652739   653267   653363   653879   653903   654023
 654047   654527   654623   654803   654839   655379   655559
 655847   655883   656687   657659   657863   658247   658403
 658487   658643   658943   658979   659279   659327   659423
 659783   659999   660299   660659   660719   661019   661139
 661439   661679   662063   662483   662567   662639   663539
 663563   663683   664019   664199   664319   664403   664619
 664799   665123   665747   665843   666143   666203   666467
 666599   666647   666683   666959   666983   667127   667427
 667559   667643   667859   667883   668579   668699   669023
 669287   669863   669947   670343   670763   670823   670919
 671039   671159   671219   671339   671999   672059   672227
 672443   672983   673199   673979   674099   674183   674603
 674699   675083   675743   675839   676427   676463   676679
 677147   678047   678479   678647   678779   679319   679919
 680123   680159   680567   681167   681419   681623   681719
 681839   682247   682439   682547   682607   682679   683003
 683087   683759   684119   684287   684407   684599   684683
 685199   685319   685739   685859   686039   686339   686963
 687179   687299   687647   688223   688379   688907   689279
 689603   691199   691463   691499   691583   691739   691763
 691907   692663   693179   693503   693527   694259   694367
 694979   695243   695603   695627   695867   695939   696107
 696887   697127   697259   697703   697979   698483   699059
 699863   700067   700079   700223   700319   700499   700703
 700907   700919   701399   701579   701783   701963   702539
 702587   702623   702683   702803   702827   703127   703463
 703499   703559   703943   704087   704219   704603   704807
 704819   705863   705899   706403   706907   706919   706943
 707627   708047   708287   708647   708803   708923   708959
 709679   709739   709823   709967   710219   710663   711143
 711287   711707   712883   713159   713183   713243   713663
 713939   714479   714563   714719   714947   715019   715223
 715679   716063   716447   716459   716663   716747   717539
 717659   717719   717803   718007   718139   718259   718343
 718463   718559   719267   719567   720179   721223   721307
 721499   721703   721739   721979   722027   722819   722903
 722963   723287   723587   723803   723839   723923   723959
 724007   724187   724583   725447   725507   725519   725603
 725807   725939   726659   726983   727667   727823   728207
 728579   728627   728699   728747   728867   729143   729203
 729503   730139   730823   730943   731183   731807   732323
 732923   732959   733427   733847   733883   734003   734627
 735083   735443   735467   735479   736259   736823   737159
 737567   737747   738383   738539   738707   738839   739163
 739463   739787   739967   740123   740387   740483   740903
 741227   741347   742199   742283   742307   742499   742607
 742943   743027   743123   743279   743339   743747   744539
 744599   744707   745307   745379   746099   746183   746303
 746363   746723   747107   747323   747647   748019   748379
 748703   748883   749279   749339   749543   749807   750059
 750119   750203   750419   750719   751139   751523   751799
 751943   752483   752747   753023   753587   753647   753707
 754043   754343   754367   754463   754583   754739   755087
 755267   755663   756023   756167   756179   757019   757067
 757259   757343   758267   758579   758687   758783   758867
 759359   759503   759623   759719   759959   760619   760847
 761183   761459   762479   762647   762743   762779   763067
 763523   763583   763823   764003   764327   764459   764783
 765203   765287   765503   765539   765767   766163   766439
 766583   766967   767147   767783   768059   768347   768767
 769019   769247   769547   770027   770387   770447   770579
 770663   770867   771143   771179   771587   771623   771887
 772439   772859   773387   773447   773987   774143   775007
 775367   775823   776219   776267   776327   776507   776627
 777383   777863   778223   778439   778763   779063   779159
 779327   779699   780323   780383   780707   780719   781007
 781163   781307   781619   781919   782147   782267   783227
 783323   783359   783647   783779   784307   784727   785483
 785963   786167   786407   786419   786803   786959   787043
 787079   787187   787427   788819   789443   789623   790379
 790403   790523   790547   790607   791699   791783   792479
 792647   792959   793439   793967   794363   794579   795083
 795503   795527   795659   795947   796067   796259   796847
 797627   798143   798263   798443   798527   799523   799979
 800399   800663   800783   801407   801707   802463   802643
 802787   803819   803963   803987   804059   804107   804179
 804443   804743   804767   805187   805523   805703   806087
 806159   806363   806483   806579   806783   806999   807299
 807407   808019   809063   809399   809903   810023   810059
 810443   810539   811199   811379   811919   812627   812699
 812807   812963   813167   813299   813623   813767   814643
 814943   815159   815279   815687   815939   816779   817127
 817319   817379   817403   817823   817907   817919   818327
 818579   818999   819419   819563   819647   820187   820343
 820559   820679   820907   821027   821039   821519   821603
 821999   822167   822743   823127   823283   823619   823643
 824039   824063   824147   825479   826019   826283   826403
 827423   827699   827903   828407   828923   829223   829463
 829547   829847   830267   830639   830939   831287   831323
 831443   831599   831647   831863   831899   832487   832499
 832583   832787   832883   832919   833747   833927   834503
 834623   834959   834983   835019   835643   835739   836063
 836159   836219   836663   836699   836747   837107   837203
 837503   837779   837923   838367   838379   838403   838463
 838583   838919   839207   839303   839603   839999   840083
 840299   840683   840767   840839   841103   841559   841859
 842159   842267   842483   842627   842819   842939   842987
 843383   844127   844139   844199   844463   844499   844619
 844643   845099   845723   846359   846383   846563   846647
 846779   847163   847499   847607   848399   849119   849203
 849419   849539   849923   850247   850727   850943   850979
 851363   851603   851639   851723   852179   852263   852323
 852623   853103   853283   853547   854159   854303   854363
 854807   855059   855467   855719   855983   856187   856547
 856943   857267   857687   857903   858167   858239   858563
 858899   859799   859823   860579   861299   861599   861647
 861899   862283   862307   862727   862739   863783   863867
 864047   864107   864119   864299   864323   864407   864503
 864803   864959   865499   865847   865979   866123   866519
 866639   866843   867143   867563   867719   867887   868019
 868487   868727   868943   869399   869663   869747   869819
 869879   869927   870083   870323   870743   871463   871679
 871763   872567   872687   873707   873959   874403   874487
 874547   875363   875543   876263   876287   877043   877223
 877343   877403   877739   877883   877907   878699   878987
 879023   879119   879167   879227   879623   879707   879839
 880343   880367   880667   880799   880883   881003   881099
 881159   881663   882083   882359   882719   882923   884243
 884363   884999   885239   885383   885839   885923   885947
 885959   886247   886307   886463   886547   886583   886979
 887423   887543   887759   887819   888059   888179   888263
 888359   888683   888887   889139   889247   889727   889907
 890003   890063   890459   890543   890867   890927   890999
 891179   891239   891659   891707   891743   891767   891887
 892019   892523   892547   892559   892667   893099   893219
 893903   893939   894203   894239   894527   895283   895787
 897263   897467   897707   898259   898307   898523   898607
 898727   898763   898823   899183   899387   899519   899903
 900143   900587   900623   900863   900959   901007   901067
 901679   901787   902687   902723   902963   903359   903803
 904019   904067   904559   904727   904907   906107   906539
 906923   907139   907199   907367   907667   907703   907967
 908459   908627   908723   908759   908819   909599   909863
 910199   910523   910583   910619   910643   910787   911063
 911147   911159   911363   911663   912047   912239   912467
 913247   913799   914027   914279   914843   914867   915143
 915479   915659   916127   917003   917243   917327   917459
 917759   917783   917843   917927   918587   918683   918767
 918959   919019   919223   919859   920147   920807   921143
 921287   921743   921839   921959   922367   922619   922667
 923123   923387   923603   923687   924083   924299   924383
 924527   925307   925823   926567   926867   926903   927287
 927779   928043   928139   928163   928427   928559   928619
 928703   929207   929399   929483   929507   929627   929639
 930179   930323   931163   931319   931487   931859   932039
 932567   932663   932819   933707   933839   934127   934343
 934523   934799   934943   935063   935183   935303   935339
 935399   936119   936227   936647   936779   937187   938243
 938387   938459   938507   938879   939167   939179   939299
 939347   939623   939839   940403   940607   941027   941159
 941663   941999   942779   943043   943079   943343   943367
 943499   944039   944387   944579   945587   945767   946823
 946943   947027   947483   947579   947963   948287   948887
 949967   950207   950459   951023   951047   951059   951299
 951647   952163   952439   952487   952559   952739   952859
 953039   953507   953567   953699   954263   954719   954923
 955103   955727   955883   956003   956399   956843   956903
 956987   957263   958163   958487   958883   959279   959627
 959723   959759   959879   960119   960419   961067   961139
 961427   961547   961679   962267   962363   962603   962747
 962867   963143   963239   964199   964463   964703   964787
 964883   964967   965267   965423   965507   965519   965639
 966419   967259   967739   967859   968159   968459   968519
 968567   968879   969407   969467   969503   970043   970247
 970847   971039   971207   971639   972047   972407   972443
 972683   972887   972899   973283   973367   974147   974159
 974927   975383   976103   976307   976607   976643   976799
 976883   976919   977147   977447   977723   977819   978203
 978323   978359   978479   978599   978863   979103   979379
 979883   979919   980963   980999   981263   981287   981467
 981983   982343   982403   982559   982847   982967   983063
 983267   983579   984059   984119   984167   984563   984587
 985463   985679   986267   986339   986927   986963   987083
 987587   988763   989123   989279   989579   989687   990239
 990323   990719   990923   991127   991223   991427   991499
 991547   991643   991703   992963   993407   993467   993527
 993683   993779   993827   994307   994559   994583   995327
 995663   995747   995927   995987   996803   997043   997103
 997307   997379   997583   998423   999359   999563   999959


 *** 7 digits (complete list) ***

 1000667   1000919   1001003   1001159   1001387   1001447
 1001459   1001723   1001783   1002263   1002347   1002467
 1002767   1003463   1003907   1003943   1004027   1004363
 1004903   1005107   1005287   1006007   1006463   1006739
 1006847   1006883   1007099   1007243   1007759   1007939
 1008419   1008719   1008779   1008923   1008947   1009199
 1009343   1009643   1009787   1009859   1010567   1010627
 1011239   1012679   1012703   1012763   1012919   1013003
 1013063   1013399   1013687   1014719   1014743   1014863
 1015199   1015559   1015907   1016663   1016879   1017119
 1017323   1017623   1017683   1017827   1017923   1018247
 1018859   1019267   1019399   1019687   1019819   1019927
 1020407   1020599   1021367   1022123   1022303   1022387
 1023047   1023083   1023167   1023263   1023719   1025147
 1025327   1025483   1025807   1026119   1026167   1026407
 1026479   1026947   1027067   1027679   1027799   1028003
 1028099   1028207   1028579   1028999   1029467   1029647
 1030307   1030703   1030739   1030763   1031279   1031483
 1032047   1032107   1032419   1032467   1033079   1033127
 1033223   1033427   1033679   1034123   1034147   1034183
 1034339   1035107   1035467   1035479   1036247   1036307
 1036319   1036499   1036943   1037087   1037627   1037963
 1038263   1038539   1038707   1038827   1039043   1039427
 1039607   1039763   1039943   1039979   1040387   1040483
 1041779   1042043   1042103   1042487   1042619   1042799
 1043639   1043663   1043723   1043759   1044167   1044227
 1044383   1044479   1044767   1045043   1045523   1045679
 1045763   1046807   1046867   1047107   1047587   1048127
 1048343


 *** 8 digits (complete list) ***

 44000819


 *** 9 digits (complete list) ***

 459336503


 *** 10 digits (complete list) ***

 1738934123
 9998931707


 *** 11 digits (complete list) ***

 985435349219


 *** 12 digits (complete list) ***

 253696938462299

 *** 13 digits (complete list) ***

 3602879648209307
